[gd_scene load_steps=8 format=3 uid="uid://dj0wnx353ppqo"]

[ext_resource type="Script" uid="uid://bglywfryq4l0m" path="res://menu_sign.gd" id="1_l67dx"]
[ext_resource type="Texture2D" uid="uid://cbmsbce03orc" path="res://assets/floor.png" id="1_yqre1"]

[sub_resource type="StandardMaterial3D" id="StandardMaterial3D_l67dx"]
diffuse_mode = 3
specular_mode = 1
albedo_color = Color(0.36, 0.31446, 0.2412, 1)
albedo_texture = ExtResource("1_yqre1")
uv1_triplanar = true

[sub_resource type="BoxMesh" id="BoxMesh_1nimi"]
size = Vector3(0.805, 0.235, 2)

[sub_resource type="BoxMesh" id="BoxMesh_c8ea7"]
size = Vector3(8.14, 0.175, 0.11)

[sub_resource type="BoxShape3D" id="BoxShape3D_l67dx"]
size = Vector3(3.09875, 1.22363, 0.586304)

[sub_resource type="BoxMesh" id="BoxMesh_on5cr"]
size = Vector3(0.805, 0.235, 6)

[node name="start_sign" type="Node3D"]
script = ExtResource("1_l67dx")

[node name="help" type="Node3D" parent="."]
transform = Transform3D(1, 0, 0, 0, -0.0333471, -0.999444, 0, 0.999444, -0.0333471, 2.6717, -1.33227e-15, 0.484143)

[node name="MeshInstance3D6" type="MeshInstance3D" parent="help"]
transform = Transform3D(6.64413e-08, -1.32882e-07, 1.52, 1.52, -6.64412e-08, -6.64411e-08, 6.64413e-08, 1.52, 1.32882e-07, 0, -4.31954, 0)
material_override = SubResource("StandardMaterial3D_l67dx")
mesh = SubResource("BoxMesh_1nimi")

[node name="help_label" type="Label3D" parent="help/MeshInstance3D6"]
transform = Transform3D(-0.00358806, 0.996567, 0.0827058, 0.00146783, -0.0827009, 0.996574, 0.999993, 0.00369716, -0.00116606, 0.025178, 0.159163, -0.0666103)
texture_filter = 0
modulate = Color(0.6772, 0.531549, 0, 1)
text = "help"
font_size = 67

[node name="MeshInstance3D4" type="MeshInstance3D" parent="help"]
transform = Transform3D(-1.74674e-08, -1.73021, 0, 0.399607, -7.56299e-08, 0, 0, 0, -1.51326, 1.21382, -2.24777, 0.0279748)
material_override = SubResource("StandardMaterial3D_l67dx")
mesh = SubResource("BoxMesh_c8ea7")
skeleton = NodePath("../../MeshInstance3D4")

[node name="MeshInstance3D5" type="MeshInstance3D" parent="help"]
transform = Transform3D(-1.74674e-08, -1.73021, 0, 0.399607, -7.56299e-08, 0, 0, 0, -1.51326, -1.19069, -2.24777, 0.0809934)
material_override = SubResource("StandardMaterial3D_l67dx")
mesh = SubResource("BoxMesh_c8ea7")
skeleton = NodePath("../../MeshInstance3D4")

[node name="help" type="Area3D" parent="help"]
collision_layer = 7
collision_mask = 7

[node name="help" type="CollisionShape3D" parent="help/help"]
transform = Transform3D(1, 0, 0, 0, 1, 0, 0, 0, 1, -0.0307007, -4.24927, 0.0597536)
shape = SubResource("BoxShape3D_l67dx")

[node name="start" type="Node3D" parent="."]
transform = Transform3D(1, 0, 0, 0, -4.37114e-08, -1, 0, 1, -4.37114e-08, -2.67611, 0, 0.449535)

[node name="MeshInstance3D6" type="MeshInstance3D" parent="start"]
transform = Transform3D(6.64413e-08, -1.32882e-07, 1.52, 1.52, -6.64411e-08, -6.64411e-08, 6.64413e-08, 1.52, 1.32882e-07, 0, -4.19568, -5.41443e-09)
material_override = SubResource("StandardMaterial3D_l67dx")
mesh = SubResource("BoxMesh_1nimi")

[node name="start_label" type="Label3D" parent="start/MeshInstance3D6"]
transform = Transform3D(-0.00358806, 0.996567, 0.0827058, 0.00146783, -0.0827009, 0.996574, 0.999993, 0.00369716, -0.00116606, 0.025178, 0.159163, -0.0666103)
texture_filter = 0
modulate = Color(0, 0.754601, 0.100239, 1)
text = "start"
font_size = 67

[node name="MeshInstance3D4" type="MeshInstance3D" parent="start"]
transform = Transform3D(-1.74674e-08, -1.73021, 0, 0.399607, -7.56299e-08, 0, 0, 0, -1.51326, 1.21382, -2.24777, 0.0279748)
material_override = SubResource("StandardMaterial3D_l67dx")
mesh = SubResource("BoxMesh_c8ea7")
skeleton = NodePath("../../MeshInstance3D4")

[node name="MeshInstance3D5" type="MeshInstance3D" parent="start"]
transform = Transform3D(-1.74674e-08, -1.73021, 0, 0.399607, -7.56299e-08, 0, 0, 0, -1.51326, -1.19069, -2.24777, 0.0809934)
material_override = SubResource("StandardMaterial3D_l67dx")
mesh = SubResource("BoxMesh_c8ea7")
skeleton = NodePath("../../MeshInstance3D4")

[node name="start" type="Area3D" parent="start"]
collision_layer = 7
collision_mask = 7

[node name="start" type="CollisionShape3D" parent="start/start"]
transform = Transform3D(1, 0, 0, 0, 1, 0, 0, 0, 1, -0.0307007, -4.24927, 0.0597536)
shape = SubResource("BoxShape3D_l67dx")

[node name="MeshInstance3D4" type="MeshInstance3D" parent="."]
transform = Transform3D(-1.6118e-07, -1.53972, 0, 3.68736, -6.7303e-08, 0, 0, 0, 1.53972, -4.14097, 15.4777, -0.05621)
material_override = SubResource("StandardMaterial3D_l67dx")
mesh = SubResource("BoxMesh_c8ea7")

[node name="MeshInstance3D6" type="MeshInstance3D" parent="."]
transform = Transform3D(6.64413e-08, -1.32882e-07, 1.52, 1.52, -6.64412e-08, -6.64411e-08, 6.64413e-08, 1.52, 1.32882e-07, 0, 0, 0)
material_override = SubResource("StandardMaterial3D_l67dx")
mesh = SubResource("BoxMesh_on5cr")

[node name="Label3D" type="Label3D" parent="MeshInstance3D6"]
transform = Transform3D(-0.00358806, 0.996567, 0.0827058, 0.00146783, -0.0827009, 0.996574, 0.999993, 0.00369716, -0.00116606, 0.025178, 0.159163, -0.0666103)
texture_filter = 0
text = "dishwashing olympics"
font_size = 67

[node name="MeshInstance3D5" type="MeshInstance3D" parent="."]
transform = Transform3D(-1.6118e-07, -1.53972, 0, 3.68736, -6.7303e-08, 0, 0, 0, 1.53972, 4.2966, 15.4777, -0.05621)
material_override = SubResource("StandardMaterial3D_l67dx")
mesh = SubResource("BoxMesh_c8ea7")
