[gd_scene load_steps=14 format=3 uid="uid://ciupyea3iqa2w"]

[ext_resource type="Script" uid="uid://ckax4h7i1gxri" path="res://scenes/conveyor_belt/conveyor_belt.gd" id="1_eigut"]
[ext_resource type="PackedScene" uid="uid://cs2rxcg3v7vf1" path="res://scenes/conveyor_belt/plate_on_belt/plate_on_belt.tscn" id="1_nrmrm"]
[ext_resource type="PackedScene" uid="uid://d1nqgafudduus" path="res://assets/blender/conveyor_belt.glb" id="4_wx4rt"]
[ext_resource type="Texture2D" uid="uid://cbmsbce03orc" path="res://assets/floor.png" id="5_tyefu"]

[sub_resource type="StandardMaterial3D" id="StandardMaterial3D_ysxht"]
diffuse_mode = 3
specular_mode = 1
albedo_color = Color(0.0235294, 0.105882, 0.168627, 1)
albedo_texture = ExtResource("5_tyefu")
uv1_triplanar = true

[sub_resource type="BoxMesh" id="BoxMesh_tyefu"]
size = Vector3(3, 5, 0.25)

[sub_resource type="BoxMesh" id="BoxMesh_3uf1j"]
size = Vector3(0.25, 3, 1.75)

[sub_resource type="BoxMesh" id="BoxMesh_15ck5"]
size = Vector3(3, 2, 30)

[sub_resource type="StandardMaterial3D" id="StandardMaterial3D_3uf1j"]
diffuse_mode = 3
specular_mode = 1
albedo_color = Color(0.36, 0.31446, 0.2412, 1)
albedo_texture = ExtResource("5_tyefu")
uv1_triplanar = true

[sub_resource type="BoxMesh" id="BoxMesh_wx4rt"]
size = Vector3(6.055, 1, 1.43)

[sub_resource type="StandardMaterial3D" id="StandardMaterial3D_wx4rt"]
diffuse_mode = 3
specular_mode = 1
albedo_color = Color(0.166386, 0.393186, 0.2679, 1)
albedo_texture = ExtResource("5_tyefu")
uv1_triplanar = true

[sub_resource type="BoxMesh" id="BoxMesh_ysxht"]
size = Vector3(8.14, 0.175, 0.11)

[sub_resource type="BoxMesh" id="BoxMesh_cpp8k"]
size = Vector3(0.805, 0.235, 1.665)

[node name="ConveyorBelt" type="Node3D"]
script = ExtResource("1_eigut")

[node name="Plates" type="Node3D" parent="."]
transform = Transform3D(1, 0, 0, 0, 1, 0, 0, 0, 1, 0, 0.534605, 0)

[node name="PlateOnBelt" parent="Plates" instance=ExtResource("1_nrmrm")]
transform = Transform3D(1, 0, 0, 0, 1, 0, 0, 0, 1, -5.85063, 0.985396, -4.01694)

[node name="PlateOnBelt3" parent="Plates" instance=ExtResource("1_nrmrm")]
transform = Transform3D(1, 0, 0, 0, 1, 0, 0, 0, 1, -5.94144, 0.985396, 3.41391)

[node name="PlateOnBelt4" parent="Plates" instance=ExtResource("1_nrmrm")]
transform = Transform3D(1, 0, 0, 0, 1, 0, 0, 0, 1, 0.0272324, 0.985396, 7.06955)

[node name="PlateOnBelt5" parent="Plates" instance=ExtResource("1_nrmrm")]
transform = Transform3D(1, 0, 0, 0, 1, 0, 0, 0, 1, 6.1098, 0.985396, 3.6895)

[node name="PlateOnBelt6" parent="Plates" instance=ExtResource("1_nrmrm")]
transform = Transform3D(1, 0, 0, 0, 1, 0, 0, 0, 1, 6.30297, 0.985396, -3.65218)

[node name="PlateOnBelt2" parent="Plates" instance=ExtResource("1_nrmrm")]
transform = Transform3D(1, 0, 0, 0, 1, 0, 0, 0, 1, 0.0372512, 0.985396, -7.23884)

[node name="BeltMesh" type="Node3D" parent="."]

[node name="FilthDispenser" type="Node3D" parent="BeltMesh"]
transform = Transform3D(-0.909243, 0, 0.416265, 0, 1, 0, -0.416265, 0, -0.909243, 0, 0, 0)
visible = false

[node name="MeshInstance3D9" type="MeshInstance3D" parent="BeltMesh/FilthDispenser"]
transform = Transform3D(1, 0, 0, 0, 1, 0, 0, 0, 1, 0, 3.35904, 2.57037)
material_override = SubResource("StandardMaterial3D_ysxht")
mesh = SubResource("BoxMesh_tyefu")
skeleton = NodePath("../../root/@EditorNode@21272/@Panel@14/@VBoxContainer@15/DockHSplitLeftL/DockHSplitLeftR/DockHSplitMain/@VBoxContainer@26/DockVSplitCenter/@VSplitContainer@54/@VBoxContainer@55/@EditorMainScreen@102/MainScreen/@CanvasItemEditor@11482/@VSplitContainer@11134/@HSplitContainer@11136/@HSplitContainer@11138/@Control@11139/@SubViewportContainer@11140/@SubViewport@11141/ConveyorBelt/BeltMesh/MeshInstance3D2")

[node name="MeshInstance3D10" type="MeshInstance3D" parent="BeltMesh/FilthDispenser"]
transform = Transform3D(1, 0, 0, 0, 1, 0, 0, 0, 1, 0, 3.359, 3.9)
material_override = SubResource("StandardMaterial3D_ysxht")
mesh = SubResource("BoxMesh_tyefu")
skeleton = NodePath("../../root/@EditorNode@21272/@Panel@14/@VBoxContainer@15/DockHSplitLeftL/DockHSplitLeftR/DockHSplitMain/@VBoxContainer@26/DockVSplitCenter/@VSplitContainer@54/@VBoxContainer@55/@EditorMainScreen@102/MainScreen/@CanvasItemEditor@11482/@VSplitContainer@11134/@HSplitContainer@11136/@HSplitContainer@11138/@Control@11139/@SubViewportContainer@11140/@SubViewport@11141/ConveyorBelt/BeltMesh/MeshInstance3D2")

[node name="MeshInstance3D11" type="MeshInstance3D" parent="BeltMesh/FilthDispenser"]
transform = Transform3D(-4.37114e-08, -1, 0, 1, -4.37114e-08, 0, 0, 0, 1, 0.028707, 5.80073, 3.18704)
material_override = SubResource("StandardMaterial3D_ysxht")
mesh = SubResource("BoxMesh_3uf1j")
skeleton = NodePath("../../root/@EditorNode@21272/@Panel@14/@VBoxContainer@15/DockHSplitLeftL/DockHSplitLeftR/DockHSplitMain/@VBoxContainer@26/DockVSplitCenter/@VSplitContainer@54/@VBoxContainer@55/@EditorMainScreen@102/MainScreen/@CanvasItemEditor@11482/@VSplitContainer@11134/@HSplitContainer@11136/@HSplitContainer@11138/@Control@11139/@SubViewportContainer@11140/@SubViewport@11141/ConveyorBelt/BeltMesh/MeshInstance3D2")

[node name="MeshInstance3D12" type="MeshInstance3D" parent="BeltMesh/FilthDispenser"]
transform = Transform3D(1, 0, 0, 0, 1, 0, 0, 0, 1, 0, 1.9741, 18.97)
material_override = SubResource("StandardMaterial3D_ysxht")
mesh = SubResource("BoxMesh_15ck5")
skeleton = NodePath("../../root/@EditorNode@21272/@Panel@14/@VBoxContainer@15/DockHSplitLeftL/DockHSplitLeftR/DockHSplitMain/@VBoxContainer@26/DockVSplitCenter/@VSplitContainer@54/@VBoxContainer@55/@EditorMainScreen@102/MainScreen/@CanvasItemEditor@11482/@VSplitContainer@11134/@HSplitContainer@11136/@HSplitContainer@11138/@Control@11139/@SubViewportContainer@11140/@SubViewport@11141/ConveyorBelt/BeltMesh/MeshInstance3D2")

[node name="Tables" type="Node3D" parent="BeltMesh"]
visible = false

[node name="MeshInstance3D2" type="MeshInstance3D" parent="BeltMesh/Tables"]
transform = Transform3D(1, 0, 0, 0, 1, 0, 0, 0, 1, -0.184255, 0.449791, 5.33435)
material_override = SubResource("StandardMaterial3D_3uf1j")
mesh = SubResource("BoxMesh_wx4rt")
skeleton = NodePath("../..")

[node name="MeshInstance3D3" type="MeshInstance3D" parent="BeltMesh/Tables"]
transform = Transform3D(0.631678, 0, 0.775231, 0, 1, 0, -0.775231, 0, 0.631678, 4.96151, 0.449791, 3.37821)
material_override = SubResource("StandardMaterial3D_3uf1j")
mesh = SubResource("BoxMesh_wx4rt")
skeleton = NodePath("../..")

[node name="MeshInstance3D4" type="MeshInstance3D" parent="BeltMesh/Tables"]
transform = Transform3D(-0.215945, 0, 0.976405, 0, 1, 0, -0.976405, 0, -0.215945, 6.46705, 0.449791, -1.82206)
material_override = SubResource("StandardMaterial3D_3uf1j")
mesh = SubResource("BoxMesh_wx4rt")
skeleton = NodePath("../..")

[node name="MeshInstance3D5" type="MeshInstance3D" parent="BeltMesh/Tables"]
transform = Transform3D(-0.911898, 0, 0.410416, 0, 1, 0, -0.410416, 0, -0.911898, 3.16221, 0.449791, -5.65292)
material_override = SubResource("StandardMaterial3D_wx4rt")
mesh = SubResource("BoxMesh_wx4rt")
skeleton = NodePath("../..")

[node name="MeshInstance3D6" type="MeshInstance3D" parent="BeltMesh/Tables"]
transform = Transform3D(-0.899352, 0, -0.437226, 0, 1, 0, 0.437226, 0, -0.899352, -2.083, 0.449791, -5.55986)
material_override = SubResource("StandardMaterial3D_3uf1j")
mesh = SubResource("BoxMesh_wx4rt")
skeleton = NodePath("../..")

[node name="MeshInstance3D7" type="MeshInstance3D" parent="BeltMesh/Tables"]
transform = Transform3D(0.206973, 0, 0.978347, 0, 1, 0, -0.978347, 0, 0.206973, -5.6201, 0.449791, -1.68475)
material_override = SubResource("StandardMaterial3D_3uf1j")
mesh = SubResource("BoxMesh_wx4rt")
skeleton = NodePath("../..")

[node name="MeshInstance3D8" type="MeshInstance3D" parent="BeltMesh/Tables"]
transform = Transform3D(-0.61434, 0, 0.789041, 0, 1, 0, -0.789041, 0, -0.61434, -4.62515, 0.449791, 3.32835)
material_override = SubResource("StandardMaterial3D_3uf1j")
mesh = SubResource("BoxMesh_wx4rt")
skeleton = NodePath("../..")

[node name="HeightLimit" type="Node3D" parent="BeltMesh"]
transform = Transform3D(1.5171, 0, 0.0938, 0, 1.52, 0, -0.0938, 0, 1.5171, 2.48853, -0.870164, 0.962541)

[node name="MeshInstance3D4" type="MeshInstance3D" parent="BeltMesh/HeightLimit"]
transform = Transform3D(0.0356361, 0.589718, 0.806822, 0.999026, -4.37114e-08, -0.0441254, -0.0260215, 0.807609, -0.589143, 2.10337, -0.361147, -1.75703)
material_override = SubResource("StandardMaterial3D_3uf1j")
mesh = SubResource("BoxMesh_ysxht")
skeleton = NodePath("../..")

[node name="MeshInstance3D5" type="MeshInstance3D" parent="BeltMesh/HeightLimit"]
transform = Transform3D(-0.0332325, 0.588319, 0.807946, 0.999108, 0.0406027, 0.0115299, -0.0260215, 0.807609, -0.589143, 4.01159, -0.342957, -2.04353)
material_override = SubResource("StandardMaterial3D_3uf1j")
mesh = SubResource("BoxMesh_ysxht")
skeleton = NodePath("../..")

[node name="MeshInstance3D6" type="MeshInstance3D" parent="BeltMesh/HeightLimit"]
transform = Transform3D(-0.0176197, 0.152984, 0.988071, 0.999109, 0.0406027, 0.0115299, -0.0383545, 0.987394, -0.153563, 3.09185, 3.28176, -1.98206)
material_override = SubResource("StandardMaterial3D_3uf1j")
mesh = SubResource("BoxMesh_cpp8k")
skeleton = NodePath("../..")

[node name="Label3D" type="Label3D" parent="BeltMesh/HeightLimit"]
transform = Transform3D(0.988352, -0.0265579, 0.14985, 0.00800454, 0.992364, 0.123082, -0.151975, -0.120449, 0.981018, 3.04994, 3.31261, -1.81564)
texture_filter = 0
modulate = Color(1, 0, 0, 1)
text = "!!!
HEIGHT LIMIT
!!!"
font_size = 39

[node name="conveyor_belt" parent="." instance=ExtResource("4_wx4rt")]
